# Created by Octave 4.0.0, Mon Jul 09 09:31:30 2018 CEST <renaud@pclf001176>
# name: Mp
# type: matrix
# rows: 121
# columns: 3
 0.515951299066807 0.515951299066807 0.5159512990668067
 0.5064956863584574 0.5064956863584574 0.5064956863584573
 0.4973535962246116 0.4973535962246116 0.4973535962246116
 0.4886695078479141 0.4886695078479141 0.488669507847914
 0.4805760436012415 0.4805760436012415 0.4805760436012415
 0.4731838700159628 0.4731838700159628 0.4731838700159626
 0.4665732994935328 0.4665732994935328 0.4665732994935327
 0.4607890005835522 0.4607890005835522 0.4607890005835521
 0.4558386620803122 0.4558386620803122 0.4558386620803122
 0.4516956611425889 0.4516956611425889 0.451695661142589
 0.4483050066774623 0.4483050066774623 0.4483050066774621
 0.5137722426740697 0.5137722426740697 0.5137722426740698
 0.5058588047241991 0.5058588047241991 0.505858804724199
 0.498296311953213 0.498296311953213 0.4982963119532131
 0.491198959293825 0.491198959293825 0.4911989592938247
 0.4846661590684877 0.4846661590684877 0.4846661590684878
 0.4787746835411708 0.4787746835411708 0.4787746835411709
 0.4735727839024691 0.4735727839024691 0.4735727839024692
 0.4690773193698282 0.4690773193698282 0.4690773193698284
 0.4652743661600078 0.4652743661600078 0.4652743661600081
 0.4621230765023532 0.4621230765023532 0.4621230765023532
 0.4595619413087357 0.4595619413087357 0.4595619413087361
 0.5130757744375736 0.5130757744375736 0.5130757744375737
 0.5067233693113372 0.5067233693113372 0.5067233693113371
 0.5007589644422761 0.5007589644422761 0.5007589644422761
 0.4952658059042959 0.4952658059042959 0.4952658059042954
 0.4903093978780593 0.4903093978780593 0.4903093978780594
 0.485931937125924 0.485931937125924 0.485931937125924
 0.4821490026541143 0.4821490026541143 0.4821490026541145
 0.4789491519578363 0.4789491519578363 0.4789491519578362
 0.4762965105141612 0.4762965105141612 0.4762965105141611
 0.474135839581947 0.474135839581947 0.4741358395819469
 0.4723991169408334 0.4723991169408334 0.4723991169408335
 0.5139353636056785 0.5139353636056785 0.5139353636056783
 0.5091459494232298 0.5091459494232298 0.5091459494232295
 0.5047814901621541 0.5047814901621541 0.5047814901621539
 0.500893947048252 0.500893947048252 0.5008939470482521
 0.4975145455835488 0.4975145455835488 0.4975145455835488
 0.4946505283347086 0.4946505283347086 0.4946505283347085
 0.4922844454592933 0.4922844454592933 0.4922844454592932
 0.4903762475921306 0.4903762475921306 0.4903762475921303
 0.4888678800354933 0.4888678800354933 0.4888678800354931
 0.4876895746254271 0.4876895746254271 0.4876895746254272
 0.4867667532618433 0.4867667532618433 0.4867667532618433
 0.5163577761016968 0.5163577761016968 0.5163577761016969
 0.5131155848530835 0.5131155848530835 0.5131155848530833
 0.5103354975633998 0.5103354975633998 0.5103354975633998
 0.5080382185826565 0.5080382185826565 0.5080382185826566
 0.506220688803814 0.506220688803814 0.5062206888038141
 0.5048551564919085 0.5048551564919085 0.5048551564919085
 0.5038910727646057 0.5038910727646057 0.5038910727646055
 0.5032596891836609 0.5032596891836609 0.5032596891836608
 0.5028806674313733 0.5028806674313733 0.5028806674313734
 0.502669606951298 0.502669606951298 0.502669606951298
 0.5025452820090087 0.5025452820090087 0.5025452820090086
 0.5202768098480455 0.5202768098480455 0.5202768098480455
 0.5185485542959866 0.5185485542959866 0.5185485542959865
 0.5173200413713452 0.5173200413713452 0.517320041371345
 0.5165811262110848 0.5165811262110848 0.5165811262110844
 0.5162948418901646 0.5162948418901646 0.5162948418901644
 0.5163987600648565 0.5163987600648565 0.5163987600648565
 0.5168094678296248 0.5168094678296248 0.5168094678296247
 0.5174296550224878 0.5174296550224878 0.5174296550224877
 0.518156735370723 0.518156735370723 0.518156735370723
 0.5188916170442127 0.5188916170442127 0.5188916170442128
 0.5195462895492118 0.5195462895492118 0.519546289549212
 0.5255547778150571 0.5255547778150571 0.5255547778150571
 0.525290940133509 0.525290940133509 0.5252909401335091
 0.5255652401754047 0.5255652401754047 0.5255652401754047
 0.5263374640346559 0.5263374640346559 0.5263374640346559
 0.5275374921086664 0.5275374921086664 0.5275374921086665
 0.5290688937656904 0.5290688937656904 0.5290688937656904
 0.5308159343542395 0.5308159343542395 0.5308159343542393
 0.5326531138065368 0.5326531138065368 0.5326531138065367
 0.5344557797254246 0.5344557797254246 0.5344557797254246
 0.5361101425031846 0.5361101425031846 0.5361101425031846
 0.537521232945868 0.537521232945868 0.5375212329458678
 0.5319920910313027 0.5319920910313027 0.5319920910313031
 0.5331291864407782 0.5331291864407782 0.5331291864407783
 0.5348437833915555 0.5348437833915555 0.5348437833915556
 0.5370667213476007 0.5370667213476007 0.5370667213476006
 0.5396958341326153 0.5396958341326153 0.5396958341326152
 0.5426016973676796 0.5426016973676796 0.5426016973676796
 0.5456370884537913 0.5456370884537913 0.5456370884537913
 0.5486489156262486 0.5486489156262486 0.5486489156262487
 0.5514907880806174 0.5514907880806174 0.5514907880806172
 0.5540342711175956 0.5540342711175956 0.5540342711175956
 0.5561772386153842 0.5561772386153842 0.5561772386153843
 0.5393436483557563 0.5393436483557563 0.5393436483557562
 0.5418072152249023 0.5418072152249023 0.5418072152249023
 0.5448887550365302 0.5448887550365302 0.5448887550365302
 0.5484915751085808 0.5484915751085808 0.5484915751085808
 0.5524828721386514 0.5524828721386514 0.5524828721386512
 0.556701529286223 0.556701529286223 0.556701529286223
 0.5609699291869732 0.5609699291869732 0.560969929186973
 0.5651081924540509 0.5651081924540509 0.5651081924540508
 0.5689486555600246 0.5689486555600246 0.5689486555600245
 0.5723483548824647 0.5723483548824647 0.5723483548824646
 0.5751977997499244 0.5751977997499244 0.5751977997499241
 0.5473393766135121 0.5473393766135121 0.5473393766135122
 0.5510473524338307 0.5510473524338307 0.5510473524338309
 0.5554149365069141 0.5554149365069141 0.5554149365069142
 0.5603195463670205 0.5603195463670205 0.5603195463670205
 0.5655993920679806 0.5655993920679806 0.5655993920679805
 0.571063202572883 0.571063202572883 0.571063202572883
 0.5765042734226447 0.5765042734226447 0.5765042734226447
 0.5817169168201097 0.5817169168201097 0.5817169168201095
 0.5865127853484139 0.5865127853484139 0.5865127853484138
 0.5907345671850945 0.5907345671850945 0.5907345671850945
 0.5942652054091654 0.5942652054091654 0.5942652054091655
 0.5557056092901411 0.5557056092901411 0.5557056092901413
 0.5605717302116036 0.5605717302116036 0.5605717302116036
 0.5661402337001969 0.5661402337001969 0.5661402337001968
 0.5722644468678084 0.5722644468678084 0.5722644468678084
 0.5787554147510287 0.5787554147510287 0.5787554147510285
 0.585393423653545 0.585393423653545 0.5853934236535451
 0.5919441516162965 0.5919441516162965 0.5919441516162963
 0.598177219301019 0.598177219301019 0.5981772193010187
 0.6038842872849296 0.6038842872849296 0.6038842872849296
 0.6088939384595125 0.6088939384595125 0.6088939384595126
 0.6130813677580854 0.6130813677580854 0.6130813677580854


# name: n
# type: scalar
11


# name: m
# type: scalar
11


