# Created by Octave 4.0.0, Mon Jul 09 10:39:45 2018 CEST <renaud@pclf001176>
# name: Mp
# type: matrix
# rows: 1054
# columns: 3
 0.9128421349735364 0.9128337925851676 0.9128685437022614
 0.8977100810018039 0.8976768593461405 0.8977034516138391
 0.8800692968693334 0.8800000065457741 0.880000345148253
 0.8596305059864009 0.8595466782901114 0.859587893152698
 0.8363458550632431 0.8362389239411704 0.8362378881625078
 0.8101362297104973 0.810001506870641 0.8099793712123037
 0.7812336892817692 0.7810180409719376 0.781013190297658
 0.7500071117841984 0.749704164563825 0.749713567659429
 0.7171061703847118 0.7167714259358876 0.7167508124471185
 0.6834984683013754 0.6830210214836085 0.6830124446957538
 0.65028990796134 0.6496735619562233 0.649675380952722
 0.6187075250983306 0.6179903800975862 0.6179954391974072
 0.5901026803914676 0.589278574609893 0.5892895243041274
 0.5657753630138049 0.5648503710008137 0.5648373045627623
 0.5467892661346161 0.5457596775238447 0.5457743044308238
 0.5341585620582329 0.5331042591618651 0.5330771090605435
 0.5285361186098948 0.5274486911818075 0.5274518873217049
 0.530306533490461 0.5292854233002849 0.5292900190251115
 0.5395765197329739 0.538624267819193 0.5385946859600075
 0.55604179056439 0.5552031590428975 0.5551715484678734
 0.5790976574593999 0.5783864534886182 0.578318806871562
 0.6077488494668457 0.6071514172430295 0.6070892107261043
 0.6407016901607703 0.6402543729088264 0.6401616379424983
 0.6765159702507254 0.6761779494432927 0.6760457691958857
 0.7135665814872735 0.7133191371368538 0.7131344351186756
 0.7503641047681159 0.750180945353479 0.7499859532637463
 0.7855727791166702 0.7854458236492752 0.7852250573341489
 0.8181744288656329 0.8181056320273441 0.8178578841552162
 0.8475037345610729 0.8474430471544564 0.8471558809522015
 0.873179709035611 0.873140554278636 0.8728254977069367
 0.8951447344334482 0.8951007267020444 0.8947939221812883
 0.913593656256518 0.913590252562594 0.9132554114362778
 0.9288526473290994 0.9288864789220929 0.9284992513333858
 0.9413439006245016 0.9413281328249599 0.941003026648373
 0.9013649958169522 0.9013555981678125 0.9013564145810203
 0.8853570515078798 0.8853155111347509 0.8853202498554646
 0.8668108544553429 0.8667360143268594 0.8667421528427838
 0.8456111191496801 0.8454963307917244 0.8455047200522078
 0.8215564878667029 0.8214358114029072 0.8214211448366534
 0.7947401449601428 0.7945434636241459 0.7945341868080018
 0.7653396358442768 0.7650715254309262 0.7650420457341488
 0.7337723878604846 0.7333934764043278 0.7334217062457548
 0.7007017574067104 0.7002114647450063 0.700207461385749
 0.6670805829716854 0.6664132960575646 0.6664023771273725
 0.6339119933336659 0.6331033335879863 0.6330827042886992
 0.6024908633710022 0.6015073959796912 0.6015233181799573
 0.5740282454177069 0.5729027925213031 0.5729176040740871
 0.549808762218725 0.5485118698998122 0.5485086122019857
 0.5308393063580377 0.5294745209074456 0.5294864376579708
 0.5181174259035937 0.5166751178303761 0.5166727289932412
 0.5122571990635886 0.5108174899705341 0.5108033327465441
 0.513690000144244 0.5123016328646472 0.5122664508268073
 0.5224762055336686 0.5212071476152693 0.5211904438973227
 0.5384649151458702 0.5373688637069203 0.5372809404513398
 0.5610808604096071 0.5601213645820919 0.5600242625382597
 0.5893678337105898 0.5885896129653668 0.5884639621842208
 0.6221555098642838 0.6215103808070341 0.6213394131959566
 0.657952876219034 0.6574777461532333 0.6572659113968867
 0.69522580874652 0.6948812363734383 0.694629944548522
 0.7325179302622881 0.732257490624963 0.7319351230946455
 0.7683953844258995 0.7682399673495683 0.7678598086184669
 0.8018493380721872 0.8017349645318693 0.8013308621058678
 0.8321306205901865 0.8320470261530624 0.8315784237015358
 0.8588666898799308 0.8588182973367368 0.8582993546069314
 0.8819143986312626 0.8818785896333131 0.8813360515688713
 0.9014157230051497 0.9014119673917134 0.9008543035475303
 0.917719340830439 0.9177242075217745 0.9171565323661199
 0.9311883869106556 0.9311791545708508 0.9306191222197268
 0.8885160003252195 0.8885081172120394 0.8885354311603594
 0.8716192669450459 0.8715992165146963 0.8715860823648117
 0.8523176950114913 0.852200263867782 0.8522175220057772
 0.8303169110089726 0.8302129302674022 0.8301990796543431
 0.8056727572479474 0.8054937338263962 0.8054892288337832
 0.7783615564743463 0.7781058007881131 0.7780995154189826
 0.7486075975566794 0.7482693349941554 0.7482626248481202
 0.7169058991637275 0.7164189552384896 0.7164042313571511
 0.683849816724753 0.6831722008306894 0.6831954327072182
 0.6503442461468713 0.6494748663283069 0.6494659489519867
 0.6174176621724721 0.6163118437467725 0.616338864804879
 0.586272462764708 0.5849554642166017 0.5849455256476966
 0.5580869118522435 0.5565699532406438 0.5565624058843437
 0.5340181638963826 0.5323094818127054 0.5323206779471439
 0.5151361495721948 0.5133047973829925 0.5132796105471614
 0.5023273094079012 0.5004163870741866 0.5004010583969357
 0.4961989514245861 0.494300207892783 0.4942672312085035
 0.4972230454482189 0.4954001582983125 0.4953361827961987
 0.5055269146587792 0.5038090809825682 0.5037585375869523
 0.5208955436362436 0.519383798037337 0.5193031100007055
 0.5429126808784412 0.541599740117595 0.54148018908636
 0.5706320444478057 0.5695762737925268 0.569406047100981
 0.6029956117026636 0.6021336896788079 0.6019121146126749
 0.6385499887762696 0.6378976634148257 0.6376127691232693
 0.6758520310285262 0.6753888080719994 0.6749755651535042
 0.7133365893096996 0.7129857360614896 0.7125106447706023
 0.7496965987039115 0.7494368922676158 0.7488887073406458
 0.7837853004913117 0.7836289855163178 0.7830075009511021
 0.8149001753896692 0.8147872338253248 0.8140808838992101
 0.8425307216218381 0.8424772770104662 0.8417118951481926
 0.8666100752137974 0.8665658138738476 0.8657497159375206
 0.8871605908691185 0.8871547131785685 0.8863264298419694
 0.9045311190294872 0.9045087256844556 0.9036474571481311
 0.9189853201723225 0.9189616994973847 0.9181065170060422
 0.8743031394116006 0.8742635729308385 0.8742718159017481
 0.8566120153128511 0.856549096829492 0.8565497553728041
 0.8365401830216227 0.8364431507717809 0.8364382966454791
 0.8139462921299366 0.8137960682017741 0.8138183888421613
 0.7888332872662387 0.7885923571540222 0.7885919505262936
 0.7612059898125413 0.7608576824536841 0.7608676542904166
 0.7313349235978347 0.7308741776948876 0.7308661418915934
 0.699652604730306 0.6990186707624435 0.6990032469688382
 0.6668001411238512 0.6659042315772563 0.6659198868117077
 0.6336027823315051 0.6324995201656242 0.6324667004474267
 0.6010726142238899 0.5996531289637276 0.5996584319933289
 0.5703353162668893 0.568619938066963 0.5686033383225401
 0.5425046046028585 0.5404829685854851 0.5405308162894418
 0.5187372482495983 0.516445156063982 0.516460944208015
 0.4999489848879449 0.4975018988608421 0.4974834633629178
 0.4870085965520959 0.4845116948735805 0.4844960329853909
 0.4806377088570515 0.478116861158997 0.4780943621829064
 0.4811735080791216 0.4787819881008032 0.4787284533713025
 0.4888824233011969 0.4866337383817996 0.4865556415662051
 0.5035160359498936 0.5015763830991018 0.5014246805798516
 0.5247197498783526 0.5230702741911163 0.5228727898161112
 0.5517267975272697 0.5503325984002032 0.5500824788439268
 0.5834277040845248 0.5822942658386018 0.581958486980202
 0.6184710494965322 0.6176411992182212 0.6171483489189431
 0.6554369219014181 0.6548144064366286 0.6542258519992552
 0.6928753677345104 0.6924417557800785 0.6917080819829615
 0.7294095332571651 0.7291075836264693 0.7282460105887968
 0.7639347184022814 0.7637563744275802 0.7627588358674969
 0.7956377803240801 0.7955408631360251 0.7944513232744628
 0.8241218046004737 0.8240277718548819 0.8228658855143839
 0.849090289595466 0.8490262364295533 0.8477846603623104
 0.8706079706770705 0.870612605302615 0.8693263992139719
 0.8889819283973022 0.8889753633333548 0.8876738054162588
 0.9044658697543837 0.9044337359257996 0.9031504743547079
