# Created by Octave 4.0.0, Mon Jul 09 10:42:35 2018 CEST <renaud@pclf001176>
# name: Mp
# type: matrix
# rows: 240
# columns: 3
 0.1556905145687068 0.155690457530166 1.024875979188789e-05
 0.1638521323431751 0.1638728533415397 1.511901792482625e-05
 0.1716403525537315 0.1716526388172321 -6.910713369496932e-06
 0.1787502542407269 0.1787765705933757 3.509127410209958e-06
 0.1849309681589051 0.1849311958124028 -2.146882113461256e-06
 0.1899429114124517 0.1899406876668421 -9.025129747489175e-06
 0.1935910252749415 0.1936061651788822 -4.156338219343098e-06
 0.1958474262040268 0.1958338156915527 -6.41722957408243e-06
 0.1966623473139855 0.1966669596925913 1.157297780341612e-05
 0.1961986762137984 0.196196604761789 1.256249913737537e-06
 0.1946421467103 0.1946329570966361 -1.809767680276447e-05
 0.1921978440095836 0.1922042923955354 -7.030362344642301e-06
 0.1891713025592481 0.1891476445719796 8.124866131612274e-06
 0.1857710263087148 0.1857671990132983 -1.101736901552116e-05
 0.1821886356903799 0.182198589104773 -1.849937307685646e-06
 0.1731291693132258 0.173118806957681 8.486008257031211e-06
 0.1817994194809968 0.181794265791746 -7.156271743784938e-06
 0.1900419008391737 0.190023625387265 8.903574883523028e-07
 0.197541197690753 0.1975237545652974 1.656333016485253e-05
 0.2040067104870459 0.2039922937049818 -8.19051375542006e-06
 0.2092081008164665 0.2092006098598512 1.166986738644691e-05
 0.2129279839809479 0.2129277256370248 4.533766741636884e-06
 0.2150996979324678 0.2150958132260473 -8.172689990122259e-07
 0.2157265280121775 0.2157191145108704 -9.723730811780402e-06
 0.2148999399953743 0.21489321452343 1.412170730902308e-05
 0.2128456994914181 0.2128496227245811 -6.531915745160645e-07
 0.2098099899947142 0.2098139038915475 9.200377609185243e-06
 0.2060532517987448 0.2060831556167873 7.941506801686749e-06
 0.2019043427505078 0.2018942773486855 -1.591529357024525e-06
 0.1975192791178379 0.1975466655641926 -2.994803071396511e-06
 0.1913871677727165 0.1914035222158319 8.439048109098426e-06
 0.2005701739054345 0.2005838349173716 1.040386397187136e-06
 0.20926223367857 0.2092621390021132 6.525947448918527e-06
 0.2171652060526424 0.2171543979717562 2.83310373842689e-06
 0.2239334049956297 0.2239632373077858 1.835130611418896e-06
 0.2293586650414419 0.2293439990540667 -2.063355535485981e-05
 0.2331511957369426 0.2331637024638531 -5.578900909457416e-06
 0.2352640583321028 0.2352546612586431 -5.818888057800029e-06
 0.2356868827706292 0.2356796068063886 -1.084654557453628e-05
 0.2345026400918103 0.2345129304554089 -3.765952554569554e-06
 0.2319793715153025 0.2319733479483985 -2.441096088449684e-06
 0.2283424614280502 0.2283493391030851 -1.180917121356208e-05
 0.2239223364215308 0.2239033961568285 7.310018141159256e-06
 0.2189802645734435 0.2189938819642243 2.491753717685369e-06
 0.213794689521859 0.213811481660954 -1.099969904964812e-06
 0.2099279857626835 0.209927311033038 -6.074676006197559e-06
 0.2196370308883047 0.2196230886477565 1.676556643229702e-05
 0.2288007859716127 0.2288024492419743 -1.351801054927424e-05
 0.2371307388529696 0.2371247455621249 1.27908184049408e-05
 0.2442485667073035 0.2442447158675746 -3.775951904962512e-06
 0.2498743454505509 0.249867605387749 1.371634545434158e-05
 0.2537771515810704 0.2537854346874002 -8.635804533699797e-07
 0.2558532102758592 0.2558501294626552 4.770845519692056e-06
 0.2560799957845027 0.2560740289494962 -5.106951813951296e-06
 0.2545804506912937 0.2546066738804678 -1.542485744371086e-05
 0.2515997286332216 0.2516043590706299 1.306770869029549e-05
 0.2474185251464675 0.2474173808602835 1.049094609325402e-05
 0.2423502236849532 0.2423605056246211 3.878010776850457e-06
 0.236703640366823 0.2367062992834373 9.052481188323827e-06
 0.230782557604824 0.2307605070748217 -1.171521045977139e-05
 0.2280050598223567 0.2280082486329648 1.054920580501057e-05
 0.2382400594734352 0.2382486071628497 -1.363739990082377e-06
 0.2479416809451192 0.2479200542546807 3.381352779393679e-06
 0.2566634799864135 0.2566888688009933 1.928505578181035e-05
 0.2641559284104614 0.2641532211020418 -1.355170608830266e-05
 0.270039840242869 0.2700388215014904 -2.183920266623263e-06
 0.274070729505674 0.2740853931284673 1.343088507238683e-05
 0.2761691704522784 0.2761426974843176 -5.76681772011556e-06
 0.276268296469465 0.2762611972232321 -4.731791318953264e-06
 0.2745062150764277 0.2745253952313691 1.048075749001512e-05
 0.2711638350399415 0.2711789176143733 6.523473938989356e-06
 0.2665157642927243 0.2665208437234258 3.86655239333351e-06
 0.260880212908088 0.2608864135367306 5.189795640176406e-06
 0.2546227580160907 0.254626850605995 -5.366317837096153e-06
 0.2480144254193276 0.2480140072902397 -1.650540373167546e-05
 0.2448067496152432 0.2448176598970563 1.797612862952244e-06
 0.2556035693063763 0.2556056380861125 1.225005579458278e-05
 0.2657915413642403 0.2657992204235675 1.881707680434243e-05
 0.2750067752139328 0.274998883482824 -3.068911315876029e-05
 0.2828441343143357 0.2828379550233762 7.416583443397563e-06
 0.2890279506204965 0.2890154812039196 6.139571568041527e-06
 0.2932617461370557 0.2932675235691591 1.452228995755609e-05
 0.2954189714185957 0.2954063319010889 3.270186595252768e-06
 0.2954635839509983 0.2954820439878813 -4.941096257272683e-06
 0.2935754835156701 0.2935762387154132 -2.801851388732591e-06
 0.2899503610732131 0.2899534791276378 9.196444221313296e-06
 0.2849407639058624 0.2849576716466131 -5.290143442174561e-06
 0.278909880211853 0.2788890076194001 9.058801117462194e-06
 0.2721691474147593 0.2721501565747416 1.360086487584363e-05
 0.2650683267056169 0.2650362133718659 1.145227300073212e-05
 0.2594712127907624 0.2594845706545176 -2.253716141567529e-06
 0.2708177143231326 0.2708060754124985 5.669863038837287e-06
 0.2815053249417101 0.281507638267139 2.502807705642666e-06
 0.2911873364801306 0.2911766023264745 2.643005629153572e-06
 0.2994449003978381 0.2994562182658377 4.257114927036017e-06
 0.3059676977776279 0.3059921126899157 1.839864879299379e-06
 0.310449458029524 0.3104574969322151 -2.021216944818965e-06
 0.3127584522643684 0.3127551845291931 1.356027176964108e-05
 0.3128637411055213 0.3128649313859645 7.255970459729631e-06
 0.3109374543386621 0.3109330759754003 -1.141517289287893e-05
 0.3071829904902844 0.3071993078680268 -2.174729261365108e-05
 0.3019790993476064 0.3019827514942175 1.329139965191841e-05
 0.2956810636471655 0.295664347286631 1.72017464073332e-05
 0.2886378761278842 0.288644734091518 1.02951360367421e-05
 0.281200528786674 0.2811938068005966 1.485787147467488e-05
 0.2712068802636823 0.2712069703881159 -2.023319610411586e-07
 0.2830517545027646 0.283072607540279 -1.044126603875182e-05
 0.2942767008974974 0.2942724411676077 -7.279758553855874e-07
 0.3044071997351205 0.3044257707220061 -8.193162814520818e-06
 0.3131371868205066 0.313145027686502 5.13203286458302e-06
 0.320010328426709 0.3200160686698223 -1.085019076819099e-05
 0.32481090448671 0.3248080895215133 -5.037508141495187e-08
 0.3273520105853794 0.3273580529419431 1.43992228809697e-05
 0.3276335991856885 0.3276364265381622 -5.642000208668804e-06
 0.3257821044921941 0.3258025656916135 -1.368218022131009e-05
 0.3220846446557262 0.3220701891209776 1.632207532650751e-05
 0.3168330048154031 0.316845884282864 -8.469316721611872e-06
 0.3104723697440193 0.3104850069694999 -3.860748108018914e-06
 0.3033578824926804 0.3033478406140098 8.958348850541827e-06
 0.2957931183061764 0.2957955201463457 6.29250398589573e-06
 0.2793593520760397 0.2793491066683307 6.110508699249968e-06
 0.2916920427065796 0.2917100254946703 -1.341809304520872e-06
 0.3033999843662906 0.3034102681840556 7.625994050555858e-06
 0.3140448303718831 0.3140574982174497 -5.251024269038716e-08
 0.3231780320475118 0.3231962561973208 -5.077016227935468e-06
 0.3304994988316955 0.3304820578581669 1.402412009397817e-06
 0.3356328767185675 0.3356519408340468 -7.361542276560879e-06
 0.3385160932588853 0.3385210112430168 -1.262442356943755e-06
