# Created by Octave 4.0.0, Mon Jul 09 10:43:14 2018 CEST <renaud@pclf001176>
# name: Mp
# type: matrix
# rows: 240
# columns: 3
 0.1556933305231655 0.1556933305231655 0
 0.1638731405594519 0.1638731405594519 0
 0.1716511382622064 0.1716511382622064 0
 0.1787590532732757 0.1787590532732757 0
 0.1849312799365646 0.1849312799365646 0
 0.1899341711722881 0.1899341711722881 0
 0.1935965359217924 0.1935965359217924 0
 0.1958346152512544 0.1958346152512544 0
 0.1966648910853719 0.1966648910853719 0
 0.1962007436699568 0.1962007436699568 0
 0.1946334791272976 0.1946334791272976 0
 0.1922027152602688 0.1922027152602688 0
 0.1891635918815445 0.1891635918815445 0
 0.1857579255727835 0.1857579255727835 0
 0.1821938966618704 0.1821938966618704 0
 0.1731284179922781 0.1731284179922781 0
 0.1818030729186158 0.1818030729186158 0
 0.190032632067486 0.190032632067486 0
 0.1975282422122806 0.1975282422122806 0
 0.2040023688971978 0.2040023688971978 0
 0.2091999988689935 0.2091999988689935 0
 0.2129315095441927 0.2129315095441927 0
 0.2151000701075347 0.2151000701075347 0
 0.215716387627981 0.215716387627981 0
 0.214896320011959 0.214896320011959 0
 0.2128416218970505 0.2128416218970505 0
 0.2098089001784717 0.2098089001784717 0
 0.2060746340665491 0.2060746340665491 0
 0.2019039052202028 0.2019039052202028 0
 0.1975279001964915 0.1975279001964915 0
 0.1913882271886868 0.1913882271886868 0
 0.2005737721636563 0.2005737721636563 0
 0.209269646651373 0.209269646651373 0
 0.2171662243609103 0.2171662243609103 0
 0.2239539308894063 0.2239539308894063 0
 0.2293563774967269 0.2293563774967269 0
 0.2331656136342514 0.2331656136342514 0
 0.235271947234453 0.235271947234453 0
 0.2356806043347744 0.2356806043347744 0
 0.2345102595392862 0.2345102595392862 0
 0.2319734564728476 0.2319734564728476 0
 0.2283440932358058 0.2283440932358058 0
 0.2239202241381789 0.2239202241381789 0
 0.2189903523370997 0.2189903523370997 0
 0.2138087489955005 0.2138087489955005 0
 0.209918358377753 0.209918358377753 0
 0.2196289950839087 0.2196289950839087 0
 0.2288062515819139 0.2288062515819139 0
 0.2371200211451839 0.2371200211451839 0
 0.2442391014647426 0.2442391014647426 0
 0.2498662428935293 0.2498662428935293 0
 0.2537757383975038 0.2537757383975038 0
 0.2558455912656704 0.2558455912656704 0
 0.256076002477752 0.256076002477752 0
 0.2545887381388671 0.2545887381388671 0
 0.2516071690937528 0.2516071690937528 0
 0.2474222691711012 0.2474222691711012 0
 0.2423532214977473 0.2423532214977473 0
 0.2367113275650489 0.2367113275650489 0
 0.2307732129430476 0.2307732129430476 0
 0.2280042468953256 0.2280042468953256 0
 0.2382510331984346 0.2382510331984346 0
 0.2479241074724852 0.2479241074724852 0
 0.2566737188003864 0.2566737188003864 0
 0.2641480366154051 0.2641480366154051 0
 0.270030052910138 0.270030052910138 0
 0.274077401205335 0.274077401205335 0
 0.276156726383315 0.276156726383315 0
 0.2762638445136237 0.2762638445136237 0
 0.2745238182861434 0.2745238182861434 0
 0.2711705462265158 0.2711705462265158 0
 0.2665112808247818 0.2665112808247818 0
 0.2608851186228752 0.2608851186228752 0
 0.2546246542498241 0.2546246542498241 0
 0.2480272197904163 0.2480272197904163 0
 0.244815100442821 0.244815100442821 0
 0.2556038554787381 0.2556038554787381 0
 0.2657845342777133 0.2657845342777133 0
 0.2749891433914678 0.2749891433914678 0
 0.282846836324652 0.282846836324652 0
 0.2890225651447744 0.2890225651447744 0
 0.2932589559272231 0.2932589559272231 0
 0.2954126595178284 0.2954126595178284 0
 0.2954759559253566 0.2954759559253566 0
 0.2935773571551737 0.2935773571551737 0
 0.289960659779653 0.289960659779653 0
 0.2849480130271269 0.2849480130271269 0
 0.278896428411517 0.278896428411517 0
 0.2721573835508186 0.2721573835508186 0
 0.2650463221028254 0.2650463221028254 0
 0.2594825958632012 0.2594825958632012 0
 0.2708110648522913 0.2708110648522913 0
 0.2815053500177774 0.2815053500177774 0
 0.2911811527076572 0.2911811527076572 0
 0.2994508080439127 0.2994508080439127 0
 0.3059635411958508 0.3059635411958508 0
 0.3104491672328815 0.3104491672328815 0
 0.3127561302005184 0.3127561302005184 0
 0.3128742548023875 0.3128742548023875 0
 0.3109356453630945 0.3109356453630945 0
 0.3071930970091762 0.3071930970091762 0
 0.3019817624616413 0.3019817624616413 0
 0.2956738676478589 0.2956738676478589 0
 0.2886365401109773 0.2886365401109773 0
 0.281199870676101 0.281199870676101 0
 0.2712055195762316 0.2712055195762316 0
 0.2830601419392671 0.2830601419392671 0
 0.2942643144084731 0.2942643144084731 0
 0.3044198201869502 0.3044198201869502 0
 0.3131248730306044 0.3131248730306044 0
 0.320015801444318 0.320015801444318 0
 0.3248122922282117 0.3248122922282117 0
 0.3273567658077476 0.3273567658077476 0
 0.32763791901941 0.32763791901941 0
 0.3257916444090302 0.3257916444090302 0
 0.3220786766099681 0.3220786766099681 0
 0.316844918418593 0.316844918418593 0
 0.3104745874533879 0.3104745874533879 0
 0.3033465993068415 0.3033465993068415 0
 0.2958015519078411 0.2958015519078411 0
 0.2793601380015064 0.2793601380015064 0
 0.2917130427766718 0.2917130427766718 0
 0.3034096276526684 0.3034096276526684 0
 0.31404045921391 0.31404045921391 0
 0.3231926878251094 0.3231926878251094 0
 0.3304929624549651 0.3304929624549651 0
 0.33565390467154 0.33565390467154 0
 0.3385144273694975 0.3385144273694975 0
 0.3390636709152927 0.3390636709152927 0
 0.3374416340484011 0.3374416340484011 0
 0.333915915706573 0.333915915706573 0
 0.3288407647877308 0.3288407647877308 0
 0.3226089048935502 0.3226089048935502 0
 0.3156068361479245 0.3156068361479245 0
 0.3081811408267881 0.3081811408267881 0
 0.2835896500727196 0.2835896500727196 0
 0.2963966395575736 0.2963966395575736 0
 0.308551210028538 0.308551210028538 0
 0.3196355613468793 0.3196355613468793 0
 0.3292290254989302 0.3292290254989302 0
 0.3369520070828652 0.3369520070828652 0
 0.34251336103915 0.34251336103915 0
 0.3457512440597134 0.3457512440597134 0
 0.3466570270935591 0.3466570270935591 0
 0.3453753122830059 0.3453753122830059 0
 0.3421796194291017 0.3421796194291017 0
 0.3374302202764117 0.3374302202764117 0
 0.3315248918932577 0.3315248918932577 0
 0.3248535095899833 0.3248535095899833 0
 0.3177640831266046 0.3177640831266046 0
 0.2838492296519327 0.2838492296519327 0
 0.2970494051447714 0.2970494051447714 0
 0.3096091098159952 0.3096091098159952 0
 0.321105003935899 0.321105003935899 0
 0.3311118492623291 0.3311118492623291 0
 0.3392472747078126 0.3392472747078126 0
 0.3452197366476077 0.3452197366476077 0
 0.3488694982790481 0.3488694982790481 0
 0.3501921063881979 0.3501921063881979 0
 0.3493374705472 0.3493374705472 0
 0.3465843403335826 0.3465843403335826 0
 0.3422969763231227 0.3422969763231227 0
 0.3368750692084148 0.3368750692084148 0
 0.3307079800105186 0.3307079800105186 0
 0.3241408996858023 0.3241408996858023 0
 0.2803959045012827 0.2803959045012827 0
 0.2939132425177318 0.2939132425177318 0
 0.3068075767980872 0.3068075767980872 0
 0.3186526819754308 0.3186526819754308 0
 0.3290218334845547 0.3290218334845547 0
 0.3375332119749389 0.3375332119749389 0
 0.3438981467771207 0.3438981467771207 0
 0.3479618457388494 0.3479618457388494 0
 0.3497260515934545 0.3497260515934545 0
 0.3493468799918382 0.3493468799918382 0
 0.3471079402031133 0.3471079402031133 0
 0.3433758845622547 0.3433758845622547 0
 0.3385497042821304 0.3385497042821304 0
 0.3330149366185463 0.3330149366185463 0
 0.3271103009134673 0.3271103009134673 0
 0.2737293477957357 0.2737293477957357 0
 0.2874760748201704 0.2874760748201704 0
 0.3006198727839801 0.3006198727839801 0
 0.3127340003240028 0.3127340003240028 0
 0.3233930357257762 0.3233930357257762 0
 0.3322187536612412 0.3322187536612412 0
 0.3389283855956803 0.3389283855956803 0
 0.3433747659931596 0.3433747659931596 0
 0.3455678291072055 0.3455678291072055 0
 0.3456709387400554 0.3456709387400554 0
 0.3439725217155027 0.3439725217155027 0
 0.3408405285996199 0.3408405285996199 0
 0.3366712840524705 0.3366712840524705 0
